9.819470240395266059e-01 -1.496604101607685970e-02 3.916195612502018641e-02 1.306291397015248677e-02 -1.326406793730340074e-02 3.408456714196229226e-02 -3.243109552014329655e-02 -3.094185413067570070e-02 7.818156367261244744e-02 2.235839112480390509e-02 1.818198420154993611e-01 1.187681999132912947e-01 5.904547591667775458e-02 2.906710972544487154e-02 5.334937409540391716e-03 3.936428330822905330e-02 5.548308740400369199e-02 3.437630353326219523e-02 9.154304086889403225e-02 -1.620727079219624542e-03 1.708651959735880688e-01 -3.686349584521778078e-02 9.531351694723066981e-02 1.686937207482366308e-01 -4.095074103528267839e-02 -3.343223545187386236e-02 -4.594741975899670205e-02 -2.618120737403057882e-02 -1.883910793257753680e-02 -3.095108298873243055e-02 -1.690759594741152519e-02 -1.378805432395003618e-02 -2.645804625363258958e-02 -1.036673805054869751e-02 -2.287382808029304535e-02 -3.378508269971228911e-02 -3.437060954718960948e-02 -4.399949256741074802e-03 -9.918157230812735606e-03 -2.832389319540146166e-02 4.832848844803261032e-03 -7.076935541317385357e-03 -4.311737247250925845e-03 -1.038348108161665610e-02 -2.518339272156310329e-02 -2.883589089548444992e-02 1.128948477414252333e-02 -1.160640401673436288e-02 -2.170726776028347391e-02 -1.987139798323234174e-02 -2.699850070232862054e-02 2.938910594696406142e-02 8.416292771470880452e-02 -2.055189972099554993e-02 2.506381120992682773e-02 3.189382443508146509e-02 6.625364982605953801e-02
-1.496604101607685970e-02 9.985279338649711844e-01 -3.023436915395873864e-02 -4.420885447041846515e-03 -1.872299834206157462e-02 -2.001738698772357120e-02 1.307264566278878645e-02 -1.171625000734489129e-02 3.141918991391066084e-03 3.393900568819552266e-02 -4.326383171455659184e-03 -4.529351435648256569e-02 -1.765079129318740392e-02 -8.311597035144207418e-03 1.079125564950842754e-02 1.260340345697749057e-03 -1.237157434946566624e-02 3.511887807180383986e-02 -5.447687675394317225e-02 -8.941670937111255435e-03 -1.287550583487808049e-02 -5.650404050458447680e-03 -9.462233928490697971e-03 9.095652019154111534e-03 -5.371954631574071826e-02 -4.822733367582174302e-02 -3.815446526406536532e-02 -3.296984282179183517e-02 -2.461745382723594389e-02 -3.215888087895302228e-02 -2.043023042317067967e-02 -1.585901176081304289e-03 -2.934648354889211538e-02 -2.107607359954858945e-03 -2.700019717395169341e-02 -3.235120895641133143e-02 -3.062391864881559844e-02 -1.063322635649703758e-02 -2.501137727623107057e-02 -1.667374672165109623e-02 -2.048914702498205384e-02 -3.106713200288754514e-02 -6.803414330518385046e-03 -2.411346030466903975e-02 -2.257761661983357163e-02 -3.044288182710621141e-02 -1.170534120272189761e-02 -1.983975940197703694e-02 -1.143257644389507680e-02 -5.352438028938184822e-02 -2.317656614032077844e-02 -8.397654592810024216e-03 -4.620128246402533615e-04 3.443460989729504700e-03 5.725969167274435646e-03 5.650488550574136147e-03 -1.704776050557454264e-02
3.916195612502018641e-02 -3.023436915395873864e-02 9.621796740483297139e-01 -2.965784276015242735e-02 2.965219689707396591e-02 4.263174054473731905e-02 -2.726009781354199468e-02 -2.741579787764518092e-02 4.869916992729995259e-02 4.100503208866730469e-03 2.169849129982978110e-03 8.704276657093741598e-02 8.525295779699045354e-03 1.361162810122917713e-03 7.023324996110705265e-02 2.468718807614306288e-02 -4.956035877521958004e-03 7.642631197325164272e-02 8.745344240268886071e-02 -4.177364195527561407e-03 7.576724855650340817e-02 -5.058822465853986955e-02 5.586321155103569219e-02 -9.380621072313542752e-03 -3.399745532282266031e-02 -1.253605403911903921e-02 -7.345666069065787118e-02 -1.146297019277305734e-02 -2.890791927818769230e-02 8.987443332337608295e-03 -1.053885387325349116e-02 -4.092183597460213179e-02 -3.352422541481539509e-02 -3.995577502846812956e-02 -1.513572714186804495e-02 -1.641777308016069067e-02 -4.615506013588868001e-02 4.119878513353218003e-02 7.318129949788743788e-03 -3.199475698049547567e-02 -1.218780268589879021e-02 2.542083128922720953e-02 -3.087469092751654598e-02 -3.463644743436734147e-02 -1.965635888297939671e-02 -2.623077340751604064e-02 -2.004371390979595938e-03 -7.542646859648943249e-03 -2.164356512497250459e-02 8.458191803465110736e-03 -1.945648957054758529e-02 5.983116063334969342e-02 2.123444936091436336e-02 -1.448006134863550481e-02 7.395420784960674010e-02 5.457982673789698452e-02 1.950545206490236078e-02
1.306291397015248677e-02 -4.420885447041846515e-03 -2.965784276015242735e-02 9.968784337224370073e-01 -4.624570494587801860e-03 -2.182547325276231950e-02 1.072814380613870694e-04 2.955462520499383024e-03 -1.314016125841686693e-02 -1.481939678313738511e-02 -2.471047945843732677e-02 -2.031688413744263746e-02 -1.974982437853482764e-02 1.284864789402168084e-02 -1.859230385589998383e-02 -1.230512932285177108e-02 -6.355585433716882254e-03 -2.762898937025552813e-03 -3.225556412380771454e-02 -1.541017065054034116e-02 -1.717056281421773176e-02 -2.978342682956688740e-03 -3.117995867104745786e-02 3.093184455836602356e-02 -4.789945956573896796e-04 -3.456289249644391940e-04 -1.812912631241983021e-04 -1.334664327313880806e-03 -1.486991581368792632e-04 -8.037760010924593175e-04 -2.564960547910112923e-04 -1.060894863348966642e-04 -1.184400507224599294e-03 -3.106516171379621570e-04 3.277263164002500260e-03 2.745953732941011031e-03 -3.990519589014903355e-03 -1.044756006807173081e-03 3.289137153643377238e-03 -4.589982711744221983e-03 -9.911395333104595267e-05 -2.535209587129244493e-04 -1.457109107288944707e-03 -4.933284281902497676e-04 -5.141733105916671161e-03 -7.584526214786203651e-04 -5.820797790526199356e-04 4.477642441152984362e-03 4.332518183532305285e-03 -3.858771776346481882e-03 -4.002204008168595666e-03 -1.381661352873564744e-02 -1.276768849883840387e-02 -5.426199317303577983e-03 -2.518311440131122594e-03 9.852082593370585159e-03 5.051443293430280153e-03
-1.326406793730340074e-02 -1.872299834206157462e-02 2.965219689707396591e-02 -4.624570494587801860e-03 9.440672328993491291e-01 -4.310668828506360011e-03 6.891302980501125275e-02 -2.162805127122586005e-02 -3.587955901949847065e-02 -1.000776396377475426e-03 -6.885930360646411131e-04 5.922603516296298665e-02 -1.004962209565776234e-02 -6.941932214625674488e-03 4.532825661249977392e-03 2.324144256818418824e-02 6.973497882565317385e-02 1.634197626530843953e-02 2.582693497868848720e-02 -1.160182656890594577e-02 4.836449312530751582e-02 -4.107442484940814625e-02 -1.403366110769421402e-02 -5.385827468154475578e-02 -5.038186550137882351e-03 -1.592140881724277840e-02 -4.431760783994000141e-02 -2.122137822921758149e-02 5.513090465682290303e-02 -4.401040843381266027e-03 -3.333365874311401515e-03 1.479550361898868648e-02 -2.851973428189192705e-03 1.353866617644036360e-02 -1.057460962120739673e-02 -3.973575898246070430e-03 -2.938722880034380647e-02 1.455128633985134645e-01 -1.191541606188526933e-02 3.958068267650455101e-03 -2.475070249334139841e-02 1.325924138761776228e-01 -1.583680427518800032e-02 4.171060755505532486e-02 -3.098307355160924339e-03 -4.454814992710761506e-02 -1.411939455121934486e-02 -1.324874548942260415e-02 -2.015415832651724568e-02 -2.028421522157124179e-02 -2.230944637832932634e-02 -3.458738585572720264e-02 -4.468937839081579821e-02 -1.233131783327169780e-02 2.519319988573633096e-02 -4.102059101216321696e-03 -6.138241013064011514e-02
3.408456714196229226e-02 -2.001738698772357120e-02 4.263174054473731905e-02 -2.182547325276231950e-02 -4.310668828506360011e-03 9.378321228250411368e-01 -2.302228984576637494e-02 3.352542042000629385e-02 7.069278961684009877e-02 -1.156195254331673396e-02 -3.344054456622170147e-03 6.651693970735268399e-03 4.797397177970563753e-02 -1.429483764743077730e-03 1.223462185548951364e-01 -3.901938210398103041e-02 1.520726742355445714e-02 2.323375700604561264e-02 3.972743944922295378e-02 2.029750369347787034e-02 2.522257319003318177e-02 -1.102238053866746482e-02 1.351195778611512799e-01 7.627083462046670669e-03 -2.584230958722062710e-02 -3.211627561741094150e-02 -2.606302455631120951e-02 -2.885184877894813801e-02 -1.525976640219118240e-02 -7.644235175494112390e-03 -1.360702141545035333e-02 -8.304904461812957772e-03 -5.227940301096562978e-03 -9.944577654141431577e-03 -1.864378606744599223e-02 -1.975094347777725523e-02 -1.263270831718536769e-02 -1.092861098387137332e-02 -1.725432684795625768e-02 -9.977051734661275192e-03 -6.333574260616211572e-03 -2.324739684728477015e-02 -2.387502712144674074e-03 -8.239596472855667889e-03 -1.774285359033652559e-02 6.365048872319881146e-03 2.846453037696080831e-04 -1.159372987342020822e-02 -6.136539657925490880e-03 1.611372325131748759e-02 6.049039052454381095e-03 1.192460565884064828e-02 2.866345020363611495e-02 6.077936145953055126e-03 -3.667512720694630218e-02 3.518984750996539262e-02 2.381895693021437652e-02
-3.243109552014329655e-02 1.307264566278878645e-02 -2.726009781354199468e-02 1.072814380613870694e-04 6.891302980501125275e-02 -2.302228984576637494e-02 8.925064517218171956e-01 -3.148550038439915794e-02 -3.797200704356519518e-02 2.855519886996977542e-03 5.309802125819466923e-02 -5.594938919858606641e-03 -4.183054012701236529e-02 -3.811363603098981423e-02 -3.445026053491936219e-02 6.529254617399238292e-02 7.984887470468106374e-02 4.387001529198989586e-02 9.703534398093429519e-03 -2.132046817601467373e-02 3.169247393094725210e-03 -3.028052302735865717e-02 -4.795017561096704545e-02 -5.268460580354185352e-02 -3.739470193085138970e-03 -2.894413835627366541e-03 -4.437506331479853031e-03 -1.468749281241652806e-02 -3.480983064670775239e-03 7.262697660826795878e-04 -3.360560226278956359e-03 -1.455241139060209224e-03 -3.745820577728496085e-03 -3.312191822299166179e-03 -2.571357769577755498e-03 -6.144986538469636786e-03 2.997138081586192548e-03 -4.323959345685745269e-03 -5.193153891857388987e-03 2.481102323310053863e-03 -2.877973134714889017e-04 -3.625994787820766528e-03 -4.100321982929051173e-03 -2.290543180859853055e-03 -4.677991527267185042e-03 -7.345610261134776810e-03 -2.171024987582554928e-03 -3.128734946861746330e-03 -1.282114362615967978e-02 -2.209667076392170942e-02 -7.474109355522800049e-03 -2.523293334859281339e-02 -2.835401915102777476e-02 3.061255705028546534e-02 3.132503337341487233e-03 -1.701279507913050840e-02 -9.562920446692417531e-02
-3.094185413067570070e-02 -1.171625000734489129e-02 -2.741579787764518092e-02 2.955462520499383024e-03 -2.162805127122586005e-02 3.352542042000629385e-02 -3.148550038439915794e-02 9.565763757863926520e-01 5.645447333200587225e-02 4.421024292572578451e-02 6.111005096766639055e-02 -1.161034359005148550e-02 -2.749127202365039737e-03 -2.650436382680784568e-03 3.494878760067585133e-02 -1.218143032323008683e-02 1.648378804018787724e-01 -8.256694742815408328e-03 -3.936424618182772506e-02 7.020529460208330130e-02 8.585301460593892930e-02 -3.465734648500774090e-02 2.232904754468532579e-02 -1.525260687576915526e-02 -1.297822641056290858e-03 4.813216386841873140e-03 -1.923741055643820447e-02 -1.575300587694871898e-02 -7.446402669527941304e-03 -5.165207027002545817e-03 -8.781320983795262713e-03 -9.051529123298412277e-03 -1.373353428620800384e-02 -1.047686589501428157e-02 -1.523307957782004968e-03 -1.993694141348142674e-03 6.446236234148644204e-03 -5.793733615115087034e-03 -3.961086241545079892e-03 1.170657548883295360e-02 1.788577628556727375e-02 -1.500866589601268682e-02 2.755556765160999122e-02 -1.020251065048744833e-02 3.364511116884512376e-02 -6.227869025688153454e-03 -4.178400298097846295e-04 -2.754664048362684935e-03 -1.664413118899704322e-02 -1.108378178709524056e-02 -9.338195649823605171e-03 -1.501585401279596083e-02 -8.111571261541146091e-03 -2.288959491733149471e-02 -1.534033292978219561e-02 -7.895883290138962576e-03 -9.068059463888892419e-03
7.818156367261244744e-02 3.141918991391066084e-03 4.869916992729995259e-02 -1.314016125841686693e-02 -3.587955901949847065e-02 7.069278961684009877e-02 -3.797200704356519518e-02 5.645447333200587225e-02 9.395928660700653134e-01 9.951069420262916021e-02 5.884932608498883583e-02 2.934938381046972231e-02 8.709471145396711911e-03 5.688544458099839551e-02 1.936818697097845710e-01 -6.030635307327867484e-02 6.750899876301964808e-02 5.812673259145553079e-02 -2.463089476980442893e-02 7.379076426988148696e-02 5.613204907588159598e-02 -4.028011385662007976e-02 5.294674760965464855e-02 5.180912450673062081e-02 -6.075626561629065073e-03 9.565232605071125049e-03 -2.246198236527124567e-02 -2.280037825722120229e-02 -1.114682688961594025e-02 2.719033823455432354e-03 -6.023583567233947202e-03 -1.747411566183801595e-03 1.551167211455253651e-02 -2.352680336998470585e-03 -3.618959617377586705e-03 -2.637814432933724418e-02 4.297846213920698995e-03 5.596416299323340310e-03 -1.360261487232406613e-02 1.675523327542762300e-02 -1.342083144436466945e-02 -1.584531058020020519e-02 -5.266827725255217828e-03 -1.350326282014207430e-02 -4.317721635432306138e-02 -2.403656957739069150e-02 1.994185762774284415e-02 -4.109022749681335608e-03 -5.423862456227334771e-04 -5.000720835551551724e-03 3.712482497593113523e-02 -9.662122887663573273e-03 7.701318904081984329e-02 -1.839764118430414416e-02 8.426481631021938423e-02 1.314253642473240669e-01 2.248252934285342453e-01
2.235839112480390509e-02 3.393900568819552266e-02 4.100503208866730469e-03 -1.481939678313738511e-02 -1.000776396377475426e-03 -1.156195254331673396e-02 2.855519886996977542e-03 4.421024292572578451e-02 9.951069420262916021e-02 9.793696217175266172e-01 7.740691625142143151e-02 6.152301933978460147e-02 2.289753838592431534e-02 6.834931620451721937e-03 1.385163647181018309e-01 -5.566987399907715253e-03 4.047186325520900352e-02 5.336282744889207959e-03 5.069294900265319814e-02 7.544944737718860652e-04 3.816045132009422691e-02 -9.086550367949720376e-05 4.981808994658349504e-02 2.255561532549950343e-02 3.630470221337107721e-03 2.046879470750918167e-02 -4.321065261669785468e-02 4.660532676468107094e-02 -3.176428091757718414e-03 4.598490929543026101e-02 -9.518914725359929304e-04 8.632747570888249511e-03 -1.552076760296026633e-02 9.120635388112538836e-03 3.694883081262887847e-03 1.108909945845706901e-02 7.893515528087780356e-03 -1.374839241467910519e-02 5.836188360371950210e-05 2.048827918572277210e-02 -1.311040513022333938e-02 -3.705564361195250872e-02 3.889577024786931153e-02 -1.305639111287380284e-02 -1.141524972728935432e-02 -9.169597201650206766e-03 -7.292854141558400075e-03 -6.761708020761815398e-04 1.819789605766512774e-02 1.179709606118067161e-02 1.803624449249113457e-02 2.711770713102385367e-03 3.073010977425921081e-02 3.728224445796816250e-02 5.271541581717618941e-02 6.586354970262789377e-02 5.865726162179527720e-02
1.818198420154993611e-01 -4.326383171455659184e-03 2.169849129982978110e-03 -2.471047945843732677e-02 -6.885930360646411131e-04 -3.344054456622170147e-03 5.309802125819466923e-02 6.111005096766639055e-02 5.884932608498883583e-02 7.740691625142143151e-02 9.489939190753481357e-01 1.158017230879283266e-01 1.386354674683196869e-02 3.740787274921592714e-02 8.940626246169355862e-03 5.479537751479119506e-02 9.022633520305053945e-02 1.798315818110547692e-02 7.963435883228678347e-02 1.125365583466038655e-01 2.242502060858054258e-01 -2.814991880846626562e-02 2.468067481195592924e-02 2.634511008642254418e-03 -1.386903149799485931e-02 -2.271806127519978430e-02 -2.335969224849395939e-02 -2.087274173413525627e-02 -1.355519260151118351e-02 -1.124351922952035628e-02 5.200846380205007740e-04 -8.244008058241249215e-03 -1.406578864971185297e-02 -8.900537861760713168e-03 -9.682296648226311128e-03 -1.691601296057524892e-02 -2.782416210949614343e-03 2.861430431391236845e-03 -1.346484425778510241e-02 -6.788330028572988999e-03 -1.256733595741564916e-02 -1.114092220506427561e-02 -4.779684228743937176e-03 -1.486221917649322918e-02 -3.169388709666302179e-02 -1.872168134485067623e-02 -7.561213686341932728e-03 -2.002151139619348392e-03 -1.788007944660748028e-02 -3.296721467617633877e-02 -1.047041666834918131e-02 -2.521064792807947361e-02 -4.619961596517389857e-03 -1.483698506596433687e-02 -2.758501111630743720e-03 2.701862967853448094e-02 6.303776545339973003e-02
1.187681999132912947e-01 -4.529351435648256569e-02 8.704276657093741598e-02 -2.031688413744263746e-02 5.922603516296298665e-02 6.651693970735268399e-03 -5.594938919858606641e-03 -1.161034359005148550e-02 2.934938381046972231e-02 6.152301933978460147e-02 1.158017230879283266e-01 9.997810452568584028e-01 -3.915356720104885488e-03 -1.872274260590043194e-03 2.555816804593701030e-02 -2.534257099888916065e-02 5.125351156846810752e-02 1.219366702868944323e-02 9.052438035959309293e-02 1.410098985952204335e-02 1.109322148085474108e-01 -4.428995684039944286e-02 1.715179995242034280e-02 1.381162207287158113e-02 -1.350815398224761502e-02 2.281842996398022669e-02 -1.168652572905983789e-01 -2.345438801363739986e-02 1.136507669140436466e-01 -5.328289086532824251e-03 -1.230526467770317288e-02 -4.177691022118289188e-02 -1.980240756763046103e-02 -4.386440309829518075e-02 -3.876752593774438621e-02 4.086325174627457486e-03 -2.066064610785887587e-02 -2.645875228971426157e-02 2.042400294688052204e-02 -1.622550523111520801e-02 -2.051636579821585968e-02 9.781110243860466347e-02 -2.042797946654435759e-02 1.791587482978787560e-02 -8.174913130522801219e-02 -7.122513296855004228e-02 6.350779476657263112e-03 3.275834275024350206e-02 -3.136457354901629052e-02 -1.818185777153358967e-02 -4.459241981158559853e-02 6.266947267717737011e-03 1.396893042619137305e-02 -3.236745465100213798e-02 -1.148053678785355969e-02 1.652656739700644056e-02 2.737958243500789035e-02
5.904547591667775458e-02 -1.765079129318740392e-02 8.525295779699045354e-03 -1.974982437853482764e-02 -1.004962209565776234e-02 4.797397177970563753e-02 -4.183054012701236529e-02 -2.749127202365039737e-03 8.709471145396711911e-03 2.289753838592431534e-02 1.386354674683196869e-02 -3.915356720104885488e-03 9.824576978606660571e-01 5.767472361707814271e-02 4.425170095641037249e-02 -2.505144187469218395e-02 7.044360322871625430e-04 2.615059405486364064e-02 7.923436655733687162e-02 -4.140157388450550757e-02 -9.920137772459154679e-03 -4.067238329357450444e-02 7.019867553839595486e-02 5.162425615284330777e-02 -2.129800523889105110e-02 -3.439800179687865084e-02 -3.032463380187749857e-02 -3.785919308609086986e-02 -9.841898766852598748e-03 -2.692541137870159765e-02 -1.626937522363157071e-02 -1.299642970982022201e-02 -3.057349653391455008e-02 -1.348848047691619811e-02 -2.606510847528472827e-02 -3.049441794886279672e-02 -1.960032238610078317e-02 -1.127730828183589988e-02 2.985998644373590201e-03 -2.225071278038650278e-04 -5.988306712564841865e-03 -2.670541990807815888e-02 7.558958775269401797e-03 -1.133857113445081895e-02 -1.887663455247947861e-02 -7.738771064952717875e-03 -8.211412591040332526e-03 -7.107551813143940349e-03 -1.693669937565640479e-02 -3.881248771997897196e-02 -2.077269757326112576e-02 -3.581519039589969779e-03 1.663260787230986804e-01 -2.258354237852963631e-02 -2.761739678402382395e-02 1.237397026651051481e-02 8.360346576520653883e-02
2.906710972544487154e-02 -8.311597035144207418e-03 1.361162810122917713e-03 1.284864789402168084e-02 -6.941932214625674488e-03 -1.429483764743077730e-03 -3.811363603098981423e-02 -2.650436382680784568e-03 5.688544458099839551e-02 6.834931620451721937e-03 3.740787274921592714e-02 -1.872274260590043194e-03 5.767472361707814271e-02 9.965117783300692089e-01 -2.956574853595094268e-02 -7.725503426094044480e-03 8.694508736438306918e-04 -3.979068879614453685e-02 8.538359906038033367e-03 2.385921435419761580e-02 2.912829679122584323e-02 -2.454116461654792455e-02 2.511922346960351882e-02 1.816503090191348008e-02 -2.010457177387370287e-02 -2.818160960992304245e-02 -1.750092545796185645e-02 -1.024077881334691832e-02 1.480525264442548864e-04 -1.800387039228533437e-02 -9.040754082929517224e-03 -9.307976629516673955e-03 -6.863604431816320260e-03 -9.736118218853142409e-03 -1.436533846170271779e-02 1.998609076647894431e-02 -2.425122526101115145e-02 -3.544917394313231015e-04 -1.922480473245412672e-02 -2.127377051505037475e-02 -1.573921331375170707e-02 1.522250472193188188e-02 5.301293455518589319e-03 -9.745790817623759331e-03 1.230473734939741340e-02 -1.602692769615848487e-02 6.656448507632289902e-02 -1.219297474326126729e-02 -1.652590857819206602e-02 1.309512909823651186e-03 -1.300408615134349480e-02 -2.231776855749430938e-02 5.946831216379644403e-02 2.313632380833995344e-03 -4.217367086233003888e-03 4.678420299877530941e-02 1.666604034529862999e-01
5.334937409540391716e-03 1.079125564950842754e-02 7.023324996110705265e-02 -1.859230385589998383e-02 4.532825661249977392e-03 1.223462185548951364e-01 -3.445026053491936219e-02 3.494878760067585133e-02 1.936818697097845710e-01 1.385163647181018309e-01 8.940626246169355862e-03 2.555816804593701030e-02 4.425170095641037249e-02 -2.956574853595094268e-02 9.613674296382759277e-01 -5.870110557013031444e-02 -2.825715756126189263e-02 2.116558546707016097e-01 -8.684657098491156343e-03 -2.378447229929742807e-02 6.987033754444269343e-03 -2.012883430581180119e-02 3.133134113733020421e-01 -6.236063885573114862e-03 2.658787711268017270e-03 1.496217273403362309e-02 -5.389249574942503798e-03 -5.229496754122161563e-03 -1.675402349361124112e-03 -1.184691227629824364e-03 -4.920206867825598811e-04 1.226692982936773788e-03 9.843604644815989388e-03 4.174220899398723281e-06 5.741773413396515299e-03 -6.903591652064437756e-03 1.065169514583539116e-04 -5.540496063449127685e-03 9.013647258274127411e-03 7.727755828811343208e-02 6.147831015833260353e-03 -5.215734990525043580e-03 6.764778392374776184e-02 8.698552280502260545e-04 -1.209998320780179999e-02 4.198038791649943806e-03 -2.880756937177737700e-03 -4.636556223478994869e-03 -5.701053676049262775e-03 1.897723180856450767e-02 1.365483636151438619e-02 -2.808932106050775548e-02 6.584397684045703580e-02 -1.929580507401971318e-02 -3.700264696982357663e-03 1.485771543955779761e-01 1.047831539321473771e-01
3.936428330822905330e-02 1.260340345697749057e-03 2.468718807614306288e-02 -1.230512932285177108e-02 2.324144256818418824e-02 -3.901938210398103041e-02 6.529254617399238292e-02 -1.218143032323008683e-02 -6.030635307327867484e-02 -5.566987399907715253e-03 5.479537751479119506e-02 -2.534257099888916065e-02 -2.505144187469218395e-02 -7.725503426094044480e-03 -5.870110557013031444e-02 9.039624113010313877e-01 -9.439672277527422564e-03 3.054806431004358433e-02 2.068335499652919351e-02 -1.997651538284798273e-02 -7.710419034198299180e-04 -3.601779007424456974e-02 -2.954146341389422836e-02 5.751088791720077725e-02 -1.987449777720701541e-02 -1.424906532070204131e-02 -1.348585760875662537e-02 -2.245814171765995668e-02 -8.625596822856919019e-03 -1.164772427069316919e-02 -7.250311411022431103e-03 -6.458951085292150181e-03 -1.241933025292446709e-02 -6.563770345398543989e-03 -1.488154483886050886e-02 -2.522721419470363990e-02 -9.976988358318466046e-03 3.291309861148687677e-02 -1.433498931582370933e-04 -1.211778777189218351e-02 -5.976737369941938173e-04 2.162930606190879585e-03 -9.010021946498620801e-03 -5.969025900890763230e-03 -6.376111951896687620e-03 -6.835587775269556625e-03 -4.756353060489422122e-03 -4.293660224268585832e-03 -8.537416272765710121e-03 -1.736426647997714456e-02 -1.373152734415901063e-02 4.793899202875580301e-02 -3.252277966439955786e-02 2.405202027265427450e-02 -1.318548508963092447e-02 -2.980249611641018828e-02 -7.080298573854758304e-02
5.548308740400369199e-02 -1.237157434946566624e-02 -4.956035877521958004e-03 -6.355585433716882254e-03 6.973497882565317385e-02 1.520726742355445714e-02 7.984887470468106374e-02 1.648378804018787724e-01 6.750899876301964808e-02 4.047186325520900352e-02 9.022633520305053945e-02 5.125351156846810752e-02 7.044360322871625430e-04 8.694508736438306918e-04 -2.825715756126189263e-02 -9.439672277527422564e-03 9.273897683415754933e-01 -1.107336399352654155e-02 4.897708751657883254e-03 1.453045780774084861e-01 1.168950655885944573e-01 -4.332517308792708383e-02 1.196590546255364533e-02 -7.111676142264722507e-03 1.786445570525777363e-02 -1.271755865271974838e-02 -2.211510970496252670e-02 -2.339464837787508245e-02 -8.429472295955772396e-03 1.407837498716005796e-02 -5.325797446271179902e-03 -1.194059609462273450e-02 -1.107245160709423477e-02 -1.228105044169837748e-02 -1.508551252623792013e-02 1.870887433241896249e-03 -8.897461404586354608e-03 -7.791961488374843196e-03 -9.375222934031028632e-03 4.018088057666946433e-02 -1.085917557857481695e-02 -2.946503891625856970e-03 -1.554257928957934222e-02 2.161603874150791037e-03 -2.149661331288302626e-02 -1.942862455666939658e-02 4.253810373993389439e-03 -7.957438878669958679e-03 -1.615915391123120756e-02 -1.276492535201460138e-02 -2.258480812841761470e-02 1.193163739762147062e-02 7.556496297411442915e-03 -2.052750006166715810e-02 3.259653121182348387e-03 5.253309726507093477e-03 9.375795261710900483e-03
3.437630353326219523e-02 3.511887807180383986e-02 7.642631197325164272e-02 -2.762898937025552813e-03 1.634197626530843953e-02 2.323375700604561264e-02 4.387001529198989586e-02 -8.256694742815408328e-03 5.812673259145553079e-02 5.336282744889207959e-03 1.798315818110547692e-02 1.219366702868944323e-02 2.615059405486364064e-02 -3.979068879614453685e-02 2.116558546707016097e-01 3.054806431004358433e-02 -1.107336399352654155e-02 9.578776963177273451e-01 3.212611482668297630e-02 -2.640290612766502121e-02 5.354465791471996888e-02 -4.429148880005852329e-02 2.120710998389584157e-02 5.567808079016466766e-02 7.637829320916390309e-03 1.193380242197802400e-02 -3.027192493437632845e-02 7.270714397515155858e-02 -2.324550456543662824e-02 6.283934946470484673e-02 5.140839173193173517e-02 -1.893747975427402183e-02 -6.475586948178081378e-03 -2.117725146490745392e-02 4.515368951270869180e-02 5.396299720116014970e-02 4.485933157953434294e-03 1.436808569370809190e-02 -1.026646453503344018e-03 2.310283932599132770e-02 -9.887454761541326909e-03 -1.989140880714335494e-02 2.481028729262898039e-03 -1.278125761102520165e-02 -1.368475642766295471e-02 -7.876362303290727201e-03 -6.158329879038045192e-03 7.032155710214225974e-03 -2.681098393757759199e-02 -1.341723055333197794e-02 -6.321680475024282590e-03 -6.341202701488122574e-03 -1.512632301109886239e-03 1.029879570020063306e-02 -2.886881555580545627e-02 2.654687317926678752e-02 -4.989866628157973473e-03
9.154304086889403225e-02 -5.447687675394317225e-02 8.745344240268886071e-02 -3.225556412380771454e-02 2.582693497868848720e-02 3.972743944922295378e-02 9.703534398093429519e-03 -3.936424618182772506e-02 -2.463089476980442893e-02 5.069294900265319814e-02 7.963435883228678347e-02 9.052438035959309293e-02 7.923436655733687162e-02 8.538359906038033367e-03 -8.684657098491156343e-03 2.068335499652919351e-02 4.897708751657883254e-03 3.212611482668297630e-02 9.249348599685143224e-01 -1.540364598671249870e-02 1.955515287167764460e-01 -4.820277542265645476e-02 2.680443127651792670e-02 1.330377852529082139e-01 -1.257961853939780217e-01 -9.865144269458987758e-02 -1.119392303832299623e-01 -7.447549960726639051e-02 -4.072454069276213590e-02 -4.945897903732519862e-02 -4.441393889115304028e-02 -3.346376086525645888e-02 -6.278465436573157921e-02 -3.386100544370396898e-02 -4.124989930558788792e-02 -9.050665334850786781e-02 -9.127673784973967808e-02 -2.498345375605188698e-02 -9.492520650625937625e-03 -3.383860358558282017e-02 -2.704448356076837034e-02 -5.175174267517988064e-02 -2.143749824259296582e-02 -3.915015081261757901e-02 1.626175193566343491e-01 3.862832431958829194e-02 -2.357921666132434604e-02 -3.397538404492183445e-02 -2.902529775556649677e-02 -1.058216346815173958e-01 -5.378366242425396820e-02 8.886833146853125032e-02 4.406991167567924023e-04 -2.046595215819278432e-02 -6.049138088692628673e-02 -4.956381231910251400e-02 -7.179481822568212213e-02
-1.620727079219624542e-03 -8.941670937111255435e-03 -4.177364195527561407e-03 -1.541017065054034116e-02 -1.160182656890594577e-02 2.029750369347787034e-02 -2.132046817601467373e-02 7.020529460208330130e-02 7.379076426988148696e-02 7.544944737718860652e-04 1.125365583466038655e-01 1.410098985952204335e-02 -4.140157388450550757e-02 2.385921435419761580e-02 -2.378447229929742807e-02 -1.997651538284798273e-02 1.453045780774084861e-01 -2.640290612766502121e-02 -1.540364598671249870e-02 9.625820427452432826e-01 6.289991687569503054e-02 5.900938521939565022e-03 -1.950830788435492860e-02 1.861479053033204475e-02 -1.901749195259592020e-03 -5.171804816775889442e-03 -2.359766186778002039e-03 -8.498800911686660992e-03 -2.207461711698768033e-03 -5.437759588431253718e-03 -2.101537735561635582e-03 -1.900704073025594708e-03 -5.045572186191590695e-03 -2.777361718794140854e-03 -2.838561175759978482e-03 -1.440926456207971933e-02 -1.302047769792371440e-02 1.633718707190651154e-02 -4.544220950979466905e-03 1.019042044168176446e-02 -1.474933063492214627e-03 -2.524902317425680234e-03 -4.443602023271816387e-03 4.229478335250647612e-03 -1.639293430036808247e-02 -2.991308769520163984e-03 -7.561126723980487801e-04 -2.079535352877375301e-03 -9.233623697079038420e-03 -1.191365082244565110e-03 1.593485288199585461e-04 4.841871859751015368e-03 -2.429574144658659327e-02 -1.081428445026711566e-02 4.000087359509478524e-02 5.459240391857222985e-02 3.045600018870825085e-02
1.708651959735880688e-01 -1.287550583487808049e-02 7.576724855650340817e-02 -1.717056281421773176e-02 4.836449312530751582e-02 2.522257319003318177e-02 3.169247393094725210e-03 8.585301460593892930e-02 5.613204907588159598e-02 3.816045132009422691e-02 2.242502060858054258e-01 1.109322148085474108e-01 -9.920137772459154679e-03 2.912829679122584323e-02 6.987033754444269343e-03 -7.710419034198299180e-04 1.168950655885944573e-01 5.354465791471996888e-02 1.955515287167764460e-01 6.289991687569503054e-02 8.574494347329414401e-01 -5.394031431382544095e-02 -7.167795610835157871e-03 7.965513413956781807e-02 -5.646159685346869433e-02 -4.488376121848044326e-02 -5.897775973180319209e-02 -3.176450254234982479e-02 -6.000580337477202583e-03 -2.502379320255021869e-02 -1.158554712669664609e-02 5.672125265976450149e-03 -3.563342825597450025e-02 5.134472888218907446e-03 -2.123764145153059918e-02 -5.016629752581713148e-02 -5.226723706222166643e-02 5.743135372838690383e-03 -1.768367953780912091e-02 2.089557607246964044e-02 -2.442137381095083395e-02 -2.886598930183799372e-02 -2.245330210694224788e-04 -2.353182808966458942e-02 1.439725578000492466e-02 -2.373214837912132613e-02 -1.171458976405977126e-02 -1.403934083630282992e-02 -3.823302793446536896e-02 -4.229056698740869119e-02 -2.205066032131003731e-02 -9.082596153292406618e-03 1.320319778318386310e-02 -2.938632529651724612e-02 -3.501778345391550959e-03 1.610776636648363113e-03 -3.510574441614434243e-02
-3.686349584521778078e-02 -5.650404050458447680e-03 -5.058822465853986955e-02 -2.978342682956688740e-03 -4.107442484940814625e-02 -1.102238053866746482e-02 -3.028052302735865717e-02 -3.465734648500774090e-02 -4.028011385662007976e-02 -9.086550367949720376e-05 -2.814991880846626562e-02 -4.428995684039944286e-02 -4.067238329357450444e-02 -2.454116461654792455e-02 -2.012883430581180119e-02 -3.601779007424456974e-02 -4.332517308792708383e-02 -4.429148880005852329e-02 -4.820277542265645476e-02 5.900938521939565022e-03 -5.394031431382544095e-02 9.920492684453815491e-01 -1.587436646212261188e-02 -3.017162746651779956e-02 -1.577048547156147118e-02 -1.442172219647659161e-02 -1.077787606568084144e-02 -1.344011437006867316e-02 -7.401310024093695275e-03 -1.162033699599944805e-02 -7.404537482849244193e-03 -6.636478753828331696e-03 -8.419328690342210708e-03 -7.242027650570472333e-03 -9.764664137278543724e-03 -1.597981010032583499e-02 -1.681134683645359174e-02 -2.257194453942834404e-03 -7.481246452067378747e-03 -1.829062362547169071e-02 -5.705947322999910948e-03 -8.272220639484115234e-03 -9.101233620489762241e-03 -3.227620990706236721e-03 -2.000536037146612156e-02 -7.701191458425059658e-03 -4.062796618335561168e-03 -6.034014808588838985e-03 4.358790578021082829e-01 -3.695723316857202345e-02 8.093496621929137033e-03 -2.445687023155072859e-02 -3.904501776951451592e-02 1.674587488526619039e-01 1.056331616877248698e-02 8.911886231849427617e-03 9.052708174308599087e-02
9.531351694723066981e-02 -9.462233928490697971e-03 5.586321155103569219e-02 -3.117995867104745786e-02 -1.403366110769421402e-02 1.351195778611512799e-01 -4.795017561096704545e-02 2.232904754468532579e-02 5.294674760965464855e-02 4.981808994658349504e-02 2.468067481195592924e-02 1.715179995242034280e-02 7.019867553839595486e-02 2.511922346960351882e-02 3.133134113733020421e-01 -2.954146341389422836e-02 1.196590546255364533e-02 2.120710998389584157e-02 2.680443127651792670e-02 -1.950830788435492860e-02 -7.167795610835157871e-03 -1.587436646212261188e-02 8.855986529725369261e-01 -2.151232556055918121e-02 9.960029527466334950e-04 -2.816650794178701071e-03 -4.001300364792120291e-03 -1.445784221985594621e-02 -2.082750344172692048e-03 -6.171282620068767322e-03 -2.891593174585910860e-03 -2.517984891436990651e-03 -7.655247530469408423e-03 -4.452487358047298172e-03 1.513663715929938541e-03 -1.691898421635849858e-02 -1.001308824899139679e-02 -6.737720173788899931e-03 4.772296205790873581e-03 2.418790866334707620e-02 -2.043025782372021298e-03 -3.585798526793290263e-03 2.806465558575568352e-03 -2.737097933205867584e-03 -6.394033728787643436e-03 -3.991429105016599047e-03 -3.458660711141431434e-07 -1.593106537232393070e-03 -8.633926659729460398e-03 4.574970444988070081e-03 3.024935604702818845e-02 -8.956891333438731298e-03 2.076965222361465968e-01 -4.374297709265158839e-03 -2.857496211538705644e-02 4.582429157264032021e-02 9.308105005542458010e-02
1.686937207482366308e-01 9.095652019154111534e-03 -9.380621072313542752e-03 3.093184455836602356e-02 -5.385827468154475578e-02 7.627083462046670669e-03 -5.268460580354185352e-02 -1.525260687576915526e-02 5.180912450673062081e-02 2.255561532549950343e-02 2.634511008642254418e-03 1.381162207287158113e-02 5.162425615284330777e-02 1.816503090191348008e-02 -6.236063885573114862e-03 5.751088791720077725e-02 -7.111676142264722507e-03 5.567808079016466766e-02 1.330377852529082139e-01 1.861479053033204475e-02 7.965513413956781807e-02 -3.017162746651779956e-02 -2.151232556055918121e-02 9.563937432364459923e-01 -1.217692732958931996e-02 -1.207918516141435160e-02 -8.374007155365587735e-03 -1.424820736268782480e-02 -6.564799026511194784e-03 -1.072576095551166370e-02 -5.944270552559599401e-03 -5.652796372125518630e-03 -9.631767837096731621e-03 -6.378925609795354536e-03 -6.373471575797435250e-03 -1.811365765576101669e-02 -1.757586306449809843e-02 -1.408695014928320255e-03 -7.020315866595609570e-03 -1.127496284018296782e-02 -5.004787187474326118e-03 -5.256898119169513099e-03 -1.063523337250504332e-02 -3.261745185664007094e-03 -1.489606980428011609e-02 6.536118536061182851e-05 -2.146760255438002508e-03 -1.376387030124850280e-03 -5.886592927105947087e-03 -9.995807765260000116e-03 -8.317788125715213851e-03 3.745475690234872576e-03 2.537190777236428274e-02 -1.406314466310700298e-02 -1.586161114062913796e-02 -1.717021197590714514e-04 3.119392193994800777e-02
-4.095074103528267839e-02 -5.371954631574071826e-02 -3.399745532282266031e-02 -4.789945956573896796e-04 -5.038186550137882351e-03 -2.584230958722062710e-02 -3.739470193085138970e-03 -1.297822641056290858e-03 -6.075626561629065073e-03 3.630470221337107721e-03 -1.386903149799485931e-02 -1.350815398224761502e-02 -2.129800523889105110e-02 -2.010457177387370287e-02 2.658787711268017270e-03 -1.987449777720701541e-02 1.786445570525777363e-02 7.637829320916390309e-03 -1.257961853939780217e-01 -1.901749195259592020e-03 -5.646159685346869433e-02 -1.577048547156147118e-02 9.960029527466334950e-04 -1.217692732958931996e-02 9.372301641476173950e-01 4.595500454437566051e-01 -7.209720404424284357e-02 2.334191992399982651e-01 1.223823794832438333e-01 3.586468706954923369e-01 2.291805239629609581e-01 2.584880934351518889e-01 -2.341918576675586575e-02 2.575546840312111230e-01 2.053020206323013241e-01 2.819496546640494761e-01 8.947857180447744974e-02 7.603396302356191846e-04 2.242029388862930642e-02 2.215691019498942926e-01 -2.722823861111087207e-02 -8.045248333488507278e-03 7.859305217097387053e-02 -2.435636143275361071e-02 1.077721143935363689e-02 -8.165604760780789673e-02 -1.308057227872013936e-02 -1.745365762717766139e-02 7.722971530698978168e-03 6.980437460606564448e-02 2.956030473846940967e-02 -2.849976655052711277e-02 -3.268775135200437457e-03 8.351256914907156936e-02 1.004312970994652651e-02 4.783151553469071164e-03 2.770537022669768840e-02
-3.343223545187386236e-02 -4.822733367582174302e-02 -1.253605403911903921e-02 -3.456289249644391940e-04 -1.592140881724277840e-02 -3.211627561741094150e-02 -2.894413835627366541e-03 4.813216386841873140e-03 9.565232605071125049e-03 2.046879470750918167e-02 -2.271806127519978430e-02 2.281842996398022669e-02 -3.439800179687865084e-02 -2.818160960992304245e-02 1.496217273403362309e-02 -1.424906532070204131e-02 -1.271755865271974838e-02 1.193380242197802400e-02 -9.865144269458987758e-02 -5.171804816775889442e-03 -4.488376121848044326e-02 -1.442172219647659161e-02 -2.816650794178701071e-03 -1.207918516141435160e-02 4.595500454437566051e-01 9.471568730316204388e-01 -6.145486275194882164e-02 2.938994294389953854e-01 1.467064241812935932e-01 3.140794831576047552e-01 2.442135885604152790e-01 2.831717525369169541e-01 -2.660940179230831051e-02 2.821382337568399956e-01 2.365463739655553066e-01 2.687589587773207001e-01 1.264819515910864667e-01 1.785000881100230752e-02 3.308741625190984859e-02 2.381437912409664626e-01 -5.606407117314636188e-03 4.099216591322123182e-02 9.806354569949403410e-02 -9.806201393886130376e-04 -3.230988772805355735e-02 -6.904823602344646594e-02 1.741507300435351374e-02 -2.020389949515342693e-03 -9.653333655072778409e-04 9.704909879224753178e-02 5.229181129289185020e-02 -2.171298189390939715e-02 -4.933085886314692893e-03 -5.237851715722692016e-03 1.020937475354217333e-03 -5.229316603835639388e-04 2.839563025830342449e-03
-4.594741975899670205e-02 -3.815446526406536532e-02 -7.345666069065787118e-02 -1.812912631241983021e-04 -4.431760783994000141e-02 -2.606302455631120951e-02 -4.437506331479853031e-03 -1.923741055643820447e-02 -2.246198236527124567e-02 -4.321065261669785468e-02 -2.335969224849395939e-02 -1.168652572905983789e-01 -3.032463380187749857e-02 -1.750092545796185645e-02 -5.389249574942503798e-03 -1.348585760875662537e-02 -2.211510970496252670e-02 -3.027192493437632845e-02 -1.119392303832299623e-01 -2.359766186778002039e-03 -5.897775973180319209e-02 -1.077787606568084144e-02 -4.001300364792120291e-03 -8.374007155365587735e-03 -7.209720404424284357e-02 -6.145486275194882164e-02 9.659099657179542886e-01 -1.647662976807888827e-02 -1.225690422483138170e-02 -1.119210254294016396e-02 5.107462575017621305e-03 3.522108466727443682e-02 -4.343891101624790252e-02 3.507389895101669514e-02 -1.359450587813402708e-02 -1.094411999559959103e-02 -5.382031803181955287e-02 -1.663897073704932381e-02 -2.253605129244827532e-02 2.236946604905689154e-02 -3.706222052192012506e-02 -3.026550113770035133e-02 -1.876873460162488058e-02 -3.000867217311408222e-02 -3.591801557670613182e-02 -6.809889487428803789e-02 -2.089562932930648029e-02 -8.727885636764227614e-03 -3.488461974488341055e-02 -5.752852347800732624e-02 -3.311594745351191527e-02 -2.333627547981834138e-02 -9.505523495708918455e-03 -9.084160859895086537e-03 -5.401058707598218114e-03 -1.441696235645955997e-02 -5.648584123041226757e-02
